{
 "cells": [
  {
   "cell_type": "code",
   "execution_count": 1,
   "metadata": {},
   "outputs": [
    {
     "name": "stderr",
     "output_type": "stream",
     "text": [
      "C:\\Users\\Shivam\\AppData\\Local\\Continuum\\anaconda3\\lib\\site-packages\\statsmodels\\tools\\_testing.py:19: FutureWarning: pandas.util.testing is deprecated. Use the functions in the public API at pandas.testing instead.\n",
      "  import pandas.util.testing as tm\n"
     ]
    }
   ],
   "source": [
    "import pandas as pd\n",
    "import numpy as np\n",
    "import matplotlib.pyplot as plt\n",
    "import seaborn as sns"
   ]
  },
  {
   "cell_type": "code",
   "execution_count": 11,
   "metadata": {},
   "outputs": [],
   "source": [
    "data = pd.read_excel(r\"C:\\Users\\Shivam\\Desktop\\ml_prg\\dataset\\iris.xlsx\",names=[\"sepal_length\",\"sepal_width\",\"petal_length\",\"petal_width\",\"class\"])"
   ]
  },
  {
   "cell_type": "code",
   "execution_count": 14,
   "metadata": {},
   "outputs": [
    {
     "data": {
      "text/html": [
       "<div>\n",
       "<style scoped>\n",
       "    .dataframe tbody tr th:only-of-type {\n",
       "        vertical-align: middle;\n",
       "    }\n",
       "\n",
       "    .dataframe tbody tr th {\n",
       "        vertical-align: top;\n",
       "    }\n",
       "\n",
       "    .dataframe thead th {\n",
       "        text-align: right;\n",
       "    }\n",
       "</style>\n",
       "<table border=\"1\" class=\"dataframe\">\n",
       "  <thead>\n",
       "    <tr style=\"text-align: right;\">\n",
       "      <th></th>\n",
       "      <th>sepal_length</th>\n",
       "      <th>sepal_width</th>\n",
       "      <th>petal_length</th>\n",
       "      <th>petal_width</th>\n",
       "      <th>class</th>\n",
       "    </tr>\n",
       "  </thead>\n",
       "  <tbody>\n",
       "    <tr>\n",
       "      <th>0</th>\n",
       "      <td>4.9</td>\n",
       "      <td>3.0</td>\n",
       "      <td>1.4</td>\n",
       "      <td>0.2</td>\n",
       "      <td>Iris-setosa</td>\n",
       "    </tr>\n",
       "    <tr>\n",
       "      <th>1</th>\n",
       "      <td>4.7</td>\n",
       "      <td>3.2</td>\n",
       "      <td>1.3</td>\n",
       "      <td>0.2</td>\n",
       "      <td>Iris-setosa</td>\n",
       "    </tr>\n",
       "    <tr>\n",
       "      <th>2</th>\n",
       "      <td>4.6</td>\n",
       "      <td>3.1</td>\n",
       "      <td>1.5</td>\n",
       "      <td>0.2</td>\n",
       "      <td>Iris-setosa</td>\n",
       "    </tr>\n",
       "    <tr>\n",
       "      <th>3</th>\n",
       "      <td>5.0</td>\n",
       "      <td>3.6</td>\n",
       "      <td>1.4</td>\n",
       "      <td>0.2</td>\n",
       "      <td>Iris-setosa</td>\n",
       "    </tr>\n",
       "    <tr>\n",
       "      <th>4</th>\n",
       "      <td>5.4</td>\n",
       "      <td>3.9</td>\n",
       "      <td>1.7</td>\n",
       "      <td>0.4</td>\n",
       "      <td>Iris-setosa</td>\n",
       "    </tr>\n",
       "  </tbody>\n",
       "</table>\n",
       "</div>"
      ],
      "text/plain": [
       "   sepal_length  sepal_width  petal_length  petal_width        class\n",
       "0           4.9          3.0           1.4          0.2  Iris-setosa\n",
       "1           4.7          3.2           1.3          0.2  Iris-setosa\n",
       "2           4.6          3.1           1.5          0.2  Iris-setosa\n",
       "3           5.0          3.6           1.4          0.2  Iris-setosa\n",
       "4           5.4          3.9           1.7          0.4  Iris-setosa"
      ]
     },
     "execution_count": 14,
     "metadata": {},
     "output_type": "execute_result"
    }
   ],
   "source": [
    "data.head()"
   ]
  },
  {
   "cell_type": "code",
   "execution_count": 15,
   "metadata": {},
   "outputs": [],
   "source": [
    "y = data['class']\n",
    "data.drop(\"class\",axis=1,inplace=True)"
   ]
  },
  {
   "cell_type": "markdown",
   "metadata": {},
   "source": [
    "#### Covariance Matrix"
   ]
  },
  {
   "cell_type": "code",
   "execution_count": 17,
   "metadata": {},
   "outputs": [
    {
     "data": {
      "text/html": [
       "<div>\n",
       "<style scoped>\n",
       "    .dataframe tbody tr th:only-of-type {\n",
       "        vertical-align: middle;\n",
       "    }\n",
       "\n",
       "    .dataframe tbody tr th {\n",
       "        vertical-align: top;\n",
       "    }\n",
       "\n",
       "    .dataframe thead th {\n",
       "        text-align: right;\n",
       "    }\n",
       "</style>\n",
       "<table border=\"1\" class=\"dataframe\">\n",
       "  <thead>\n",
       "    <tr style=\"text-align: right;\">\n",
       "      <th></th>\n",
       "      <th>sepal_length</th>\n",
       "      <th>sepal_width</th>\n",
       "      <th>petal_length</th>\n",
       "      <th>petal_width</th>\n",
       "    </tr>\n",
       "  </thead>\n",
       "  <tbody>\n",
       "    <tr>\n",
       "      <th>sepal_length</th>\n",
       "      <td>0.686568</td>\n",
       "      <td>-0.037279</td>\n",
       "      <td>1.270362</td>\n",
       "      <td>0.515347</td>\n",
       "    </tr>\n",
       "    <tr>\n",
       "      <th>sepal_width</th>\n",
       "      <td>-0.037279</td>\n",
       "      <td>0.187921</td>\n",
       "      <td>-0.316731</td>\n",
       "      <td>-0.115749</td>\n",
       "    </tr>\n",
       "    <tr>\n",
       "      <th>petal_length</th>\n",
       "      <td>1.270362</td>\n",
       "      <td>-0.316731</td>\n",
       "      <td>3.096372</td>\n",
       "      <td>1.289124</td>\n",
       "    </tr>\n",
       "    <tr>\n",
       "      <th>petal_width</th>\n",
       "      <td>0.515347</td>\n",
       "      <td>-0.115749</td>\n",
       "      <td>1.289124</td>\n",
       "      <td>0.579566</td>\n",
       "    </tr>\n",
       "  </tbody>\n",
       "</table>\n",
       "</div>"
      ],
      "text/plain": [
       "              sepal_length  sepal_width  petal_length  petal_width\n",
       "sepal_length      0.686568    -0.037279      1.270362     0.515347\n",
       "sepal_width      -0.037279     0.187921     -0.316731    -0.115749\n",
       "petal_length      1.270362    -0.316731      3.096372     1.289124\n",
       "petal_width       0.515347    -0.115749      1.289124     0.579566"
      ]
     },
     "execution_count": 17,
     "metadata": {},
     "output_type": "execute_result"
    }
   ],
   "source": [
    "cov_matrix = data.cov()\n",
    "cov_matrix"
   ]
  },
  {
   "cell_type": "markdown",
   "metadata": {},
   "source": [
    "#### Correlation Matrix"
   ]
  },
  {
   "cell_type": "code",
   "execution_count": 18,
   "metadata": {},
   "outputs": [
    {
     "data": {
      "text/html": [
       "<div>\n",
       "<style scoped>\n",
       "    .dataframe tbody tr th:only-of-type {\n",
       "        vertical-align: middle;\n",
       "    }\n",
       "\n",
       "    .dataframe tbody tr th {\n",
       "        vertical-align: top;\n",
       "    }\n",
       "\n",
       "    .dataframe thead th {\n",
       "        text-align: right;\n",
       "    }\n",
       "</style>\n",
       "<table border=\"1\" class=\"dataframe\">\n",
       "  <thead>\n",
       "    <tr style=\"text-align: right;\">\n",
       "      <th></th>\n",
       "      <th>sepal_length</th>\n",
       "      <th>sepal_width</th>\n",
       "      <th>petal_length</th>\n",
       "      <th>petal_width</th>\n",
       "    </tr>\n",
       "  </thead>\n",
       "  <tbody>\n",
       "    <tr>\n",
       "      <th>sepal_length</th>\n",
       "      <td>1.000000</td>\n",
       "      <td>-0.103784</td>\n",
       "      <td>0.871283</td>\n",
       "      <td>0.816971</td>\n",
       "    </tr>\n",
       "    <tr>\n",
       "      <th>sepal_width</th>\n",
       "      <td>-0.103784</td>\n",
       "      <td>1.000000</td>\n",
       "      <td>-0.415218</td>\n",
       "      <td>-0.350733</td>\n",
       "    </tr>\n",
       "    <tr>\n",
       "      <th>petal_length</th>\n",
       "      <td>0.871283</td>\n",
       "      <td>-0.415218</td>\n",
       "      <td>1.000000</td>\n",
       "      <td>0.962314</td>\n",
       "    </tr>\n",
       "    <tr>\n",
       "      <th>petal_width</th>\n",
       "      <td>0.816971</td>\n",
       "      <td>-0.350733</td>\n",
       "      <td>0.962314</td>\n",
       "      <td>1.000000</td>\n",
       "    </tr>\n",
       "  </tbody>\n",
       "</table>\n",
       "</div>"
      ],
      "text/plain": [
       "              sepal_length  sepal_width  petal_length  petal_width\n",
       "sepal_length      1.000000    -0.103784      0.871283     0.816971\n",
       "sepal_width      -0.103784     1.000000     -0.415218    -0.350733\n",
       "petal_length      0.871283    -0.415218      1.000000     0.962314\n",
       "petal_width       0.816971    -0.350733      0.962314     1.000000"
      ]
     },
     "execution_count": 18,
     "metadata": {},
     "output_type": "execute_result"
    }
   ],
   "source": [
    "corr_matrix = data.corr()\n",
    "corr_matrix"
   ]
  },
  {
   "cell_type": "markdown",
   "metadata": {},
   "source": [
    "#### Standardization"
   ]
  },
  {
   "cell_type": "code",
   "execution_count": 19,
   "metadata": {},
   "outputs": [],
   "source": [
    "from sklearn.preprocessing import StandardScaler"
   ]
  },
  {
   "cell_type": "code",
   "execution_count": 28,
   "metadata": {},
   "outputs": [],
   "source": [
    "scaler = StandardScaler()\n",
    "scaled_data = scaler.fit_transform(data)\n",
    "scaled_data = pd.DataFrame(scaled_data,columns=data.columns)"
   ]
  },
  {
   "cell_type": "code",
   "execution_count": 29,
   "metadata": {},
   "outputs": [
    {
     "data": {
      "text/html": [
       "<div>\n",
       "<style scoped>\n",
       "    .dataframe tbody tr th:only-of-type {\n",
       "        vertical-align: middle;\n",
       "    }\n",
       "\n",
       "    .dataframe tbody tr th {\n",
       "        vertical-align: top;\n",
       "    }\n",
       "\n",
       "    .dataframe thead th {\n",
       "        text-align: right;\n",
       "    }\n",
       "</style>\n",
       "<table border=\"1\" class=\"dataframe\">\n",
       "  <thead>\n",
       "    <tr style=\"text-align: right;\">\n",
       "      <th></th>\n",
       "      <th>sepal_length</th>\n",
       "      <th>sepal_width</th>\n",
       "      <th>petal_length</th>\n",
       "      <th>petal_width</th>\n",
       "    </tr>\n",
       "  </thead>\n",
       "  <tbody>\n",
       "    <tr>\n",
       "      <th>0</th>\n",
       "      <td>-1.148356</td>\n",
       "      <td>-0.118060</td>\n",
       "      <td>-1.353964</td>\n",
       "      <td>-1.325063</td>\n",
       "    </tr>\n",
       "    <tr>\n",
       "      <th>1</th>\n",
       "      <td>-1.390542</td>\n",
       "      <td>0.344859</td>\n",
       "      <td>-1.410986</td>\n",
       "      <td>-1.325063</td>\n",
       "    </tr>\n",
       "    <tr>\n",
       "      <th>2</th>\n",
       "      <td>-1.511636</td>\n",
       "      <td>0.113399</td>\n",
       "      <td>-1.296943</td>\n",
       "      <td>-1.325063</td>\n",
       "    </tr>\n",
       "    <tr>\n",
       "      <th>3</th>\n",
       "      <td>-1.027262</td>\n",
       "      <td>1.270695</td>\n",
       "      <td>-1.353964</td>\n",
       "      <td>-1.325063</td>\n",
       "    </tr>\n",
       "    <tr>\n",
       "      <th>4</th>\n",
       "      <td>-0.542889</td>\n",
       "      <td>1.965072</td>\n",
       "      <td>-1.182901</td>\n",
       "      <td>-1.061466</td>\n",
       "    </tr>\n",
       "  </tbody>\n",
       "</table>\n",
       "</div>"
      ],
      "text/plain": [
       "   sepal_length  sepal_width  petal_length  petal_width\n",
       "0     -1.148356    -0.118060     -1.353964    -1.325063\n",
       "1     -1.390542     0.344859     -1.410986    -1.325063\n",
       "2     -1.511636     0.113399     -1.296943    -1.325063\n",
       "3     -1.027262     1.270695     -1.353964    -1.325063\n",
       "4     -0.542889     1.965072     -1.182901    -1.061466"
      ]
     },
     "execution_count": 29,
     "metadata": {},
     "output_type": "execute_result"
    }
   ],
   "source": [
    "scaled_data.head()"
   ]
  },
  {
   "cell_type": "code",
   "execution_count": 166,
   "metadata": {},
   "outputs": [
    {
     "data": {
      "text/html": [
       "<div>\n",
       "<style scoped>\n",
       "    .dataframe tbody tr th:only-of-type {\n",
       "        vertical-align: middle;\n",
       "    }\n",
       "\n",
       "    .dataframe tbody tr th {\n",
       "        vertical-align: top;\n",
       "    }\n",
       "\n",
       "    .dataframe thead th {\n",
       "        text-align: right;\n",
       "    }\n",
       "</style>\n",
       "<table border=\"1\" class=\"dataframe\">\n",
       "  <thead>\n",
       "    <tr style=\"text-align: right;\">\n",
       "      <th></th>\n",
       "      <th>sepal_length</th>\n",
       "      <th>sepal_width</th>\n",
       "      <th>petal_length</th>\n",
       "      <th>petal_width</th>\n",
       "    </tr>\n",
       "  </thead>\n",
       "  <tbody>\n",
       "    <tr>\n",
       "      <th>sepal_length</th>\n",
       "      <td>1.006757</td>\n",
       "      <td>-0.104485</td>\n",
       "      <td>0.877170</td>\n",
       "      <td>0.822491</td>\n",
       "    </tr>\n",
       "    <tr>\n",
       "      <th>sepal_width</th>\n",
       "      <td>-0.104485</td>\n",
       "      <td>1.006757</td>\n",
       "      <td>-0.418023</td>\n",
       "      <td>-0.353103</td>\n",
       "    </tr>\n",
       "    <tr>\n",
       "      <th>petal_length</th>\n",
       "      <td>0.877170</td>\n",
       "      <td>-0.418023</td>\n",
       "      <td>1.006757</td>\n",
       "      <td>0.968816</td>\n",
       "    </tr>\n",
       "    <tr>\n",
       "      <th>petal_width</th>\n",
       "      <td>0.822491</td>\n",
       "      <td>-0.353103</td>\n",
       "      <td>0.968816</td>\n",
       "      <td>1.006757</td>\n",
       "    </tr>\n",
       "  </tbody>\n",
       "</table>\n",
       "</div>"
      ],
      "text/plain": [
       "              sepal_length  sepal_width  petal_length  petal_width\n",
       "sepal_length      1.006757    -0.104485      0.877170     0.822491\n",
       "sepal_width      -0.104485     1.006757     -0.418023    -0.353103\n",
       "petal_length      0.877170    -0.418023      1.006757     0.968816\n",
       "petal_width       0.822491    -0.353103      0.968816     1.006757"
      ]
     },
     "execution_count": 166,
     "metadata": {},
     "output_type": "execute_result"
    }
   ],
   "source": [
    "cov_matrix_scaled = scaled_data.cov()\n",
    "cov_matrix_scaled"
   ]
  },
  {
   "cell_type": "code",
   "execution_count": 31,
   "metadata": {
    "scrolled": true
   },
   "outputs": [
    {
     "data": {
      "text/html": [
       "<div>\n",
       "<style scoped>\n",
       "    .dataframe tbody tr th:only-of-type {\n",
       "        vertical-align: middle;\n",
       "    }\n",
       "\n",
       "    .dataframe tbody tr th {\n",
       "        vertical-align: top;\n",
       "    }\n",
       "\n",
       "    .dataframe thead th {\n",
       "        text-align: right;\n",
       "    }\n",
       "</style>\n",
       "<table border=\"1\" class=\"dataframe\">\n",
       "  <thead>\n",
       "    <tr style=\"text-align: right;\">\n",
       "      <th></th>\n",
       "      <th>sepal_length</th>\n",
       "      <th>sepal_width</th>\n",
       "      <th>petal_length</th>\n",
       "      <th>petal_width</th>\n",
       "    </tr>\n",
       "  </thead>\n",
       "  <tbody>\n",
       "    <tr>\n",
       "      <th>sepal_length</th>\n",
       "      <td>0.686568</td>\n",
       "      <td>-0.037279</td>\n",
       "      <td>1.270362</td>\n",
       "      <td>0.515347</td>\n",
       "    </tr>\n",
       "    <tr>\n",
       "      <th>sepal_width</th>\n",
       "      <td>-0.037279</td>\n",
       "      <td>0.187921</td>\n",
       "      <td>-0.316731</td>\n",
       "      <td>-0.115749</td>\n",
       "    </tr>\n",
       "    <tr>\n",
       "      <th>petal_length</th>\n",
       "      <td>1.270362</td>\n",
       "      <td>-0.316731</td>\n",
       "      <td>3.096372</td>\n",
       "      <td>1.289124</td>\n",
       "    </tr>\n",
       "    <tr>\n",
       "      <th>petal_width</th>\n",
       "      <td>0.515347</td>\n",
       "      <td>-0.115749</td>\n",
       "      <td>1.289124</td>\n",
       "      <td>0.579566</td>\n",
       "    </tr>\n",
       "  </tbody>\n",
       "</table>\n",
       "</div>"
      ],
      "text/plain": [
       "              sepal_length  sepal_width  petal_length  petal_width\n",
       "sepal_length      0.686568    -0.037279      1.270362     0.515347\n",
       "sepal_width      -0.037279     0.187921     -0.316731    -0.115749\n",
       "petal_length      1.270362    -0.316731      3.096372     1.289124\n",
       "petal_width       0.515347    -0.115749      1.289124     0.579566"
      ]
     },
     "execution_count": 31,
     "metadata": {},
     "output_type": "execute_result"
    }
   ],
   "source": [
    "cov_matrix"
   ]
  },
  {
   "cell_type": "code",
   "execution_count": 162,
   "metadata": {},
   "outputs": [],
   "source": [
    "nor = scaled_data/(scaled_data.std())"
   ]
  },
  {
   "cell_type": "code",
   "execution_count": 163,
   "metadata": {},
   "outputs": [
    {
     "data": {
      "text/html": [
       "<div>\n",
       "<style scoped>\n",
       "    .dataframe tbody tr th:only-of-type {\n",
       "        vertical-align: middle;\n",
       "    }\n",
       "\n",
       "    .dataframe tbody tr th {\n",
       "        vertical-align: top;\n",
       "    }\n",
       "\n",
       "    .dataframe thead th {\n",
       "        text-align: right;\n",
       "    }\n",
       "</style>\n",
       "<table border=\"1\" class=\"dataframe\">\n",
       "  <thead>\n",
       "    <tr style=\"text-align: right;\">\n",
       "      <th></th>\n",
       "      <th>sepal_length</th>\n",
       "      <th>sepal_width</th>\n",
       "      <th>petal_length</th>\n",
       "      <th>petal_width</th>\n",
       "    </tr>\n",
       "  </thead>\n",
       "  <tbody>\n",
       "    <tr>\n",
       "      <th>sepal_length</th>\n",
       "      <td>1.000000</td>\n",
       "      <td>-0.103784</td>\n",
       "      <td>0.871283</td>\n",
       "      <td>0.816971</td>\n",
       "    </tr>\n",
       "    <tr>\n",
       "      <th>sepal_width</th>\n",
       "      <td>-0.103784</td>\n",
       "      <td>1.000000</td>\n",
       "      <td>-0.415218</td>\n",
       "      <td>-0.350733</td>\n",
       "    </tr>\n",
       "    <tr>\n",
       "      <th>petal_length</th>\n",
       "      <td>0.871283</td>\n",
       "      <td>-0.415218</td>\n",
       "      <td>1.000000</td>\n",
       "      <td>0.962314</td>\n",
       "    </tr>\n",
       "    <tr>\n",
       "      <th>petal_width</th>\n",
       "      <td>0.816971</td>\n",
       "      <td>-0.350733</td>\n",
       "      <td>0.962314</td>\n",
       "      <td>1.000000</td>\n",
       "    </tr>\n",
       "  </tbody>\n",
       "</table>\n",
       "</div>"
      ],
      "text/plain": [
       "              sepal_length  sepal_width  petal_length  petal_width\n",
       "sepal_length      1.000000    -0.103784      0.871283     0.816971\n",
       "sepal_width      -0.103784     1.000000     -0.415218    -0.350733\n",
       "petal_length      0.871283    -0.415218      1.000000     0.962314\n",
       "petal_width       0.816971    -0.350733      0.962314     1.000000"
      ]
     },
     "execution_count": 163,
     "metadata": {},
     "output_type": "execute_result"
    }
   ],
   "source": [
    "nor.cov()"
   ]
  },
  {
   "cell_type": "code",
   "execution_count": 164,
   "metadata": {
    "scrolled": false
   },
   "outputs": [
    {
     "data": {
      "text/html": [
       "<div>\n",
       "<style scoped>\n",
       "    .dataframe tbody tr th:only-of-type {\n",
       "        vertical-align: middle;\n",
       "    }\n",
       "\n",
       "    .dataframe tbody tr th {\n",
       "        vertical-align: top;\n",
       "    }\n",
       "\n",
       "    .dataframe thead th {\n",
       "        text-align: right;\n",
       "    }\n",
       "</style>\n",
       "<table border=\"1\" class=\"dataframe\">\n",
       "  <thead>\n",
       "    <tr style=\"text-align: right;\">\n",
       "      <th></th>\n",
       "      <th>sepal_length</th>\n",
       "      <th>sepal_width</th>\n",
       "      <th>petal_length</th>\n",
       "      <th>petal_width</th>\n",
       "    </tr>\n",
       "  </thead>\n",
       "  <tbody>\n",
       "    <tr>\n",
       "      <th>sepal_length</th>\n",
       "      <td>1.000000</td>\n",
       "      <td>-0.103784</td>\n",
       "      <td>0.871283</td>\n",
       "      <td>0.816971</td>\n",
       "    </tr>\n",
       "    <tr>\n",
       "      <th>sepal_width</th>\n",
       "      <td>-0.103784</td>\n",
       "      <td>1.000000</td>\n",
       "      <td>-0.415218</td>\n",
       "      <td>-0.350733</td>\n",
       "    </tr>\n",
       "    <tr>\n",
       "      <th>petal_length</th>\n",
       "      <td>0.871283</td>\n",
       "      <td>-0.415218</td>\n",
       "      <td>1.000000</td>\n",
       "      <td>0.962314</td>\n",
       "    </tr>\n",
       "    <tr>\n",
       "      <th>petal_width</th>\n",
       "      <td>0.816971</td>\n",
       "      <td>-0.350733</td>\n",
       "      <td>0.962314</td>\n",
       "      <td>1.000000</td>\n",
       "    </tr>\n",
       "  </tbody>\n",
       "</table>\n",
       "</div>"
      ],
      "text/plain": [
       "              sepal_length  sepal_width  petal_length  petal_width\n",
       "sepal_length      1.000000    -0.103784      0.871283     0.816971\n",
       "sepal_width      -0.103784     1.000000     -0.415218    -0.350733\n",
       "petal_length      0.871283    -0.415218      1.000000     0.962314\n",
       "petal_width       0.816971    -0.350733      0.962314     1.000000"
      ]
     },
     "execution_count": 164,
     "metadata": {},
     "output_type": "execute_result"
    }
   ],
   "source": [
    "nor.corr()"
   ]
  },
  {
   "cell_type": "code",
   "execution_count": 165,
   "metadata": {},
   "outputs": [
    {
     "data": {
      "text/html": [
       "<div>\n",
       "<style scoped>\n",
       "    .dataframe tbody tr th:only-of-type {\n",
       "        vertical-align: middle;\n",
       "    }\n",
       "\n",
       "    .dataframe tbody tr th {\n",
       "        vertical-align: top;\n",
       "    }\n",
       "\n",
       "    .dataframe thead th {\n",
       "        text-align: right;\n",
       "    }\n",
       "</style>\n",
       "<table border=\"1\" class=\"dataframe\">\n",
       "  <thead>\n",
       "    <tr style=\"text-align: right;\">\n",
       "      <th></th>\n",
       "      <th>sepal_length</th>\n",
       "      <th>sepal_width</th>\n",
       "      <th>petal_length</th>\n",
       "      <th>petal_width</th>\n",
       "    </tr>\n",
       "  </thead>\n",
       "  <tbody>\n",
       "    <tr>\n",
       "      <th>sepal_length</th>\n",
       "      <td>1.000000</td>\n",
       "      <td>-0.103784</td>\n",
       "      <td>0.871283</td>\n",
       "      <td>0.816971</td>\n",
       "    </tr>\n",
       "    <tr>\n",
       "      <th>sepal_width</th>\n",
       "      <td>-0.103784</td>\n",
       "      <td>1.000000</td>\n",
       "      <td>-0.415218</td>\n",
       "      <td>-0.350733</td>\n",
       "    </tr>\n",
       "    <tr>\n",
       "      <th>petal_length</th>\n",
       "      <td>0.871283</td>\n",
       "      <td>-0.415218</td>\n",
       "      <td>1.000000</td>\n",
       "      <td>0.962314</td>\n",
       "    </tr>\n",
       "    <tr>\n",
       "      <th>petal_width</th>\n",
       "      <td>0.816971</td>\n",
       "      <td>-0.350733</td>\n",
       "      <td>0.962314</td>\n",
       "      <td>1.000000</td>\n",
       "    </tr>\n",
       "  </tbody>\n",
       "</table>\n",
       "</div>"
      ],
      "text/plain": [
       "              sepal_length  sepal_width  petal_length  petal_width\n",
       "sepal_length      1.000000    -0.103784      0.871283     0.816971\n",
       "sepal_width      -0.103784     1.000000     -0.415218    -0.350733\n",
       "petal_length      0.871283    -0.415218      1.000000     0.962314\n",
       "petal_width       0.816971    -0.350733      0.962314     1.000000"
      ]
     },
     "execution_count": 165,
     "metadata": {},
     "output_type": "execute_result"
    }
   ],
   "source": [
    "scaled_data.corr()"
   ]
  },
  {
   "cell_type": "markdown",
   "metadata": {},
   "source": [
    "#### Eigen vector and value"
   ]
  },
  {
   "cell_type": "code",
   "execution_count": 32,
   "metadata": {},
   "outputs": [],
   "source": [
    "eig_val, eig_vector = np.linalg.eig(cov_matrix_scaled)"
   ]
  },
  {
   "cell_type": "code",
   "execution_count": 33,
   "metadata": {
    "scrolled": true
   },
   "outputs": [
    {
     "name": "stdout",
     "output_type": "stream",
     "text": [
      "Eigenvalues : \n",
      "[2.92442837 0.93215233 0.14946373 0.02098259]\n",
      "Eigenvectors : \n",
      "[[ 0.52308496 -0.36956962 -0.72154279  0.26301409]\n",
      " [-0.25956935 -0.92681168  0.2411952  -0.12437342]\n",
      " [ 0.58184289 -0.01912775  0.13962963 -0.80099722]\n",
      " [ 0.56609604 -0.06381646  0.63380158  0.52321917]]\n"
     ]
    }
   ],
   "source": [
    "print(\"Eigenvalues : \\n\" + str(eig_val))\n",
    "print(\"Eigenvectors : \\n\" + str(eig_vector))"
   ]
  },
  {
   "cell_type": "markdown",
   "metadata": {},
   "source": [
    "#### PCA"
   ]
  },
  {
   "cell_type": "code",
   "execution_count": 34,
   "metadata": {},
   "outputs": [],
   "source": [
    "from sklearn.decomposition import PCA"
   ]
  },
  {
   "cell_type": "code",
   "execution_count": 37,
   "metadata": {},
   "outputs": [
    {
     "data": {
      "text/html": [
       "<div>\n",
       "<style scoped>\n",
       "    .dataframe tbody tr th:only-of-type {\n",
       "        vertical-align: middle;\n",
       "    }\n",
       "\n",
       "    .dataframe tbody tr th {\n",
       "        vertical-align: top;\n",
       "    }\n",
       "\n",
       "    .dataframe thead th {\n",
       "        text-align: right;\n",
       "    }\n",
       "</style>\n",
       "<table border=\"1\" class=\"dataframe\">\n",
       "  <thead>\n",
       "    <tr style=\"text-align: right;\">\n",
       "      <th></th>\n",
       "      <th>PC1</th>\n",
       "      <th>PC2</th>\n",
       "    </tr>\n",
       "  </thead>\n",
       "  <tbody>\n",
       "    <tr>\n",
       "      <th>0</th>\n",
       "      <td>-2.107950</td>\n",
       "      <td>-0.644276</td>\n",
       "    </tr>\n",
       "    <tr>\n",
       "      <th>1</th>\n",
       "      <td>-2.387971</td>\n",
       "      <td>-0.305833</td>\n",
       "    </tr>\n",
       "    <tr>\n",
       "      <th>2</th>\n",
       "      <td>-2.324879</td>\n",
       "      <td>-0.562923</td>\n",
       "    </tr>\n",
       "    <tr>\n",
       "      <th>3</th>\n",
       "      <td>-2.405086</td>\n",
       "      <td>0.687591</td>\n",
       "    </tr>\n",
       "    <tr>\n",
       "      <th>4</th>\n",
       "      <td>-2.083204</td>\n",
       "      <td>1.530252</td>\n",
       "    </tr>\n",
       "    <tr>\n",
       "      <th>...</th>\n",
       "      <td>...</td>\n",
       "      <td>...</td>\n",
       "    </tr>\n",
       "    <tr>\n",
       "      <th>144</th>\n",
       "      <td>1.859771</td>\n",
       "      <td>0.379344</td>\n",
       "    </tr>\n",
       "    <tr>\n",
       "      <th>145</th>\n",
       "      <td>1.542004</td>\n",
       "      <td>-0.908086</td>\n",
       "    </tr>\n",
       "    <tr>\n",
       "      <th>146</th>\n",
       "      <td>1.509255</td>\n",
       "      <td>0.264606</td>\n",
       "    </tr>\n",
       "    <tr>\n",
       "      <th>147</th>\n",
       "      <td>1.369096</td>\n",
       "      <td>1.015839</td>\n",
       "    </tr>\n",
       "    <tr>\n",
       "      <th>148</th>\n",
       "      <td>0.946803</td>\n",
       "      <td>-0.021821</td>\n",
       "    </tr>\n",
       "  </tbody>\n",
       "</table>\n",
       "<p>149 rows × 2 columns</p>\n",
       "</div>"
      ],
      "text/plain": [
       "          PC1       PC2\n",
       "0   -2.107950 -0.644276\n",
       "1   -2.387971 -0.305833\n",
       "2   -2.324879 -0.562923\n",
       "3   -2.405086  0.687591\n",
       "4   -2.083204  1.530252\n",
       "..        ...       ...\n",
       "144  1.859771  0.379344\n",
       "145  1.542004 -0.908086\n",
       "146  1.509255  0.264606\n",
       "147  1.369096  1.015839\n",
       "148  0.946803 -0.021821\n",
       "\n",
       "[149 rows x 2 columns]"
      ]
     },
     "execution_count": 37,
     "metadata": {},
     "output_type": "execute_result"
    }
   ],
   "source": [
    "pca = PCA(n_components=2)\n",
    "principalComponents = pca.fit_transform(scaled_data)\n",
    "principal_df = pd.DataFrame(principalComponents,columns=['PC1','PC2'])\n",
    "principal_df"
   ]
  },
  {
   "cell_type": "code",
   "execution_count": 39,
   "metadata": {},
   "outputs": [
    {
     "data": {
      "text/html": [
       "<div>\n",
       "<style scoped>\n",
       "    .dataframe tbody tr th:only-of-type {\n",
       "        vertical-align: middle;\n",
       "    }\n",
       "\n",
       "    .dataframe tbody tr th {\n",
       "        vertical-align: top;\n",
       "    }\n",
       "\n",
       "    .dataframe thead th {\n",
       "        text-align: right;\n",
       "    }\n",
       "</style>\n",
       "<table border=\"1\" class=\"dataframe\">\n",
       "  <thead>\n",
       "    <tr style=\"text-align: right;\">\n",
       "      <th></th>\n",
       "      <th>PC1</th>\n",
       "      <th>PC2</th>\n",
       "      <th>class</th>\n",
       "    </tr>\n",
       "  </thead>\n",
       "  <tbody>\n",
       "    <tr>\n",
       "      <th>0</th>\n",
       "      <td>-2.107950</td>\n",
       "      <td>-0.644276</td>\n",
       "      <td>Iris-setosa</td>\n",
       "    </tr>\n",
       "    <tr>\n",
       "      <th>1</th>\n",
       "      <td>-2.387971</td>\n",
       "      <td>-0.305833</td>\n",
       "      <td>Iris-setosa</td>\n",
       "    </tr>\n",
       "    <tr>\n",
       "      <th>2</th>\n",
       "      <td>-2.324879</td>\n",
       "      <td>-0.562923</td>\n",
       "      <td>Iris-setosa</td>\n",
       "    </tr>\n",
       "    <tr>\n",
       "      <th>3</th>\n",
       "      <td>-2.405086</td>\n",
       "      <td>0.687591</td>\n",
       "      <td>Iris-setosa</td>\n",
       "    </tr>\n",
       "    <tr>\n",
       "      <th>4</th>\n",
       "      <td>-2.083204</td>\n",
       "      <td>1.530252</td>\n",
       "      <td>Iris-setosa</td>\n",
       "    </tr>\n",
       "  </tbody>\n",
       "</table>\n",
       "</div>"
      ],
      "text/plain": [
       "        PC1       PC2        class\n",
       "0 -2.107950 -0.644276  Iris-setosa\n",
       "1 -2.387971 -0.305833  Iris-setosa\n",
       "2 -2.324879 -0.562923  Iris-setosa\n",
       "3 -2.405086  0.687591  Iris-setosa\n",
       "4 -2.083204  1.530252  Iris-setosa"
      ]
     },
     "execution_count": 39,
     "metadata": {},
     "output_type": "execute_result"
    }
   ],
   "source": [
    "principal_df['class'] = y\n",
    "principal_df.head()"
   ]
  },
  {
   "cell_type": "code",
   "execution_count": 48,
   "metadata": {},
   "outputs": [
    {
     "data": {
